Ligar/Desligar, Aquecimento, 24 graus, ventilação média

Do a cut-and-paste of the following lines into the 
designated location in rawSend. ino

#define RAW_DATA_LEN 100
uint16_t rawData [RAW_DATA_LEN]={
	8910, 4614, 498, 1750, 502, 1750, 506, 654, 
	482, 654, 486, 686, 458, 686, 462, 686, 
	462, 1754, 506, 646, 482, 1750, 506, 1758, 
	502, 654, 486, 658, 490, 686, 458, 690, 
	458, 682, 458, 666, 462, 1746, 510, 1750, 
	506, 638, 502, 662, 482, 670, 478, 686, 
	462, 678, 462, 666, 462, 670, 462, 670, 
	462, 678, 462, 678, 462, 1758, 510, 1762, 
	510, 630, 510, 650, 482, 542, 582, 554, 
	582, 554, 582, 562, 582, 562, 582, 570, 
	578, 558, 582, 546, 582, 550, 582, 554, 
	582, 558, 578, 562, 582, 566, 578, 570, 
	582, 538, 582, 1000};
Do a cut-and-paste of the following lines into the 
designated location in rawSend. ino

#define RAW_DATA_LEN 52
uint16_t rawData [RAW_DATA_LEN]={
	574, 562, 578, 550, 578, 554, 578, 558, 
	578, 562, 578, 566, 574, 570, 578, 574, 
	578, 558, 578, 554, 574, 558, 574, 562, 
	570, 566, 574, 570, 570, 578, 570, 594, 
	550, 590, 550, 582, 546, 1710, 542, 1718, 
	542, 598, 538, 602, 542, 1734, 530, 1742, 
	530, 1722, 518, 1000};
Do a cut-and-paste of the following lines into the 
designated location in rawSend. ino

#define RAW_DATA_LEN 60
uint16_t rawData [RAW_DATA_LEN]={
	462, 678, 462, 682, 458, 694, 458, 686, 
	458, 678, 458, 670, 458, 674, 458, 678, 
	462, 678, 454, 690, 458, 686, 454, 698, 
	458, 678, 454, 674, 458, 674, 458, 678, 
	454, 682, 462, 682, 454, 694, 454, 694, 
	454, 682, 454, 1802, 454, 674, 454, 682, 
	450, 690, 450, 690, 454, 690, 450, 702, 
	454, 666, 454, 1000};